0.000000
317081.000000
1049867.000000
2224385.000000
16713192.000000
262663639.000000
4221802226.000000
60913718813.000000
777232734905.000000
8813264533265.000000
89563892212629.000000
822551101011469.000000
6877984433680807.000000
52703020644606208.000000
372142261211681152.000000
2433198441660069888.000000
14793236177633339392.000000
83938187484320366592.000000
445932507870834589696.000000
2224504867233374142464.000000
10446181270970538393600.000000
46283998065564183429120.000000
193884348944725909176320.000000
769301506908834548940800.000000
2896148898698500864212992.000000
10360452868913897760882688.000000
35267578486811255090708480.000000
114384229494730082876391424.000000
353882844541833145919471616.000000
1045500945484967752954281984.000000
2952522344434315848654520320.000000
7977469762334242949677711360.000000
20640007130007355214320893952.000000
51176368942884951816872656896.000000
121691805277218264274834554880.000000
277702486989482607295141511168.000000
608552281632866315378710544384.000000
1281354088958183097623480631296.000000
2593753441561268974153132670976.000000
5050036251452255446134742319104.000000
9461685756006817659187028295680.000000
17066229667565129150978441871360.000000
29646554565281410082239701581824.000000
49617792409742542462051680256000.000000
80033778500033953462568022441984.000000
124455956748374428095154606833664.000000
186632199085421507244929390215168.000000
269958310291311988391689232318464.000000
376743607126236601937235684622336.000000
507368408488817325255620898586624.000000
659490193510360664418856028078080.000000
827503319526132622859361524383744.000000
1002459881228614160624392591114240.000000
1172600180138561032116056975474688.000000
1324521742818465499183999002607616.000000
1444859609358698153980525228851200.000000
1522200059012582788298439915470848.000000
1548853587168646188896653005553664.000000
1522108182946626942046363531083776.000000
1444681555994671027864165735727104.000000
1324268476210277351283167619710976.000000
1172287063283175106567156984184832.000000
1002105401290610645982537947545600.000000
827127484722816704224090793181184.000000
659112756753828723731002147471360.000000
507007138306760796780286986682368.000000
376412850650922840631047771652096.000000
269668057530872797041938025938944.000000
186387766023790467720725122777088.000000
124258282314738234170448361291776.000000
79880213423691483566047617875968.000000
49503179299056532347171966550016.000000
29564375834686677407082181820416.000000
17009631160858230705901723975680.000000
9424251157908736542324102791168.000000
5026265758922803795052678086656.000000
2579267393285843637472558317568.000000
1272885010028427167417065537536.000000
603804362151429276240369942528.000000
275151334118826181219898621952.000000
120378702441299643855261401088.000000
50529330118313454482264948736.000000
20334973840860335591043104768.000000
7839989794356127318411313152.000000
2893329538347513580749848576.000000
1021175124784678965597962240.000000
344349750042015684018307072.000000
110825206648456832442433536.000000
34003188355937039816851456.000000
9933515691470354617729024.000000
2759309913050253231128576.000000
727730086780155740553216.000000
181932521671801618563072.000000
43037800822839000956928.000000
9614827843107805986816.000000
2024174282731837718528.000000
400617826788367794176.000000
74341452393551151104.000000
12895966231524188160.000000
2084196562670060800.000000
312629484400488576.000000
43334780015908688.000000
5523060198105997.000000
643463324051184.000000
68058620813106.000000
6481773410772.000000
550339251858.000000
41146859952.000000
2666926108.000000
146803272.000000
6672876.000000
240464.000000
6441.000000
114.000000
1.000000
